8 14 25 49 55 58
8 14 17 20 25 30 33 46 47 55 58
7 10 14 17 25 33 47 58
14 25 40 49 58
8 14 20 25 49 55 58
8 14 25 49 55 58
3 8 19 20 25 49 55 58
8 14 20 25 33 49 55 58
5 8 14 17 20 25 32 46 49 53 55 58
7 10 12 14 17 25 33 46 58 59
14 17 20 25 44 49 58
1 5 14 17 20 25 32 44 47 49 53 58
14 19 20 25 49 58
8 20 25 49 55 58
8 14 25 55 58
8 14 25 55 58
7 10 25 26 27 31 33 46 49 54 55 57 58
10 14 17 20 25 32 33 44 49 53 58
4 7 14 17 21 25 26 46 58
8 14 25 49 55 58
3 6 14 20 25 49 55 58
8 14 25 49 55 58
14 20 25 49 55 58
14 25 33 40 49 58
14 17 20 25 32 33 44 53 58
14 20 25 58
8 14 25 49 58
3 4 7 10 11 14 17 18 25 33 47 53 58
14
14 25 26 32 39 40 44 46 49 53 58
14 17 22 25 32 33 49 53 58
5 8 14 25 49 55 58
5 14 16 17 25 28 38 46 49 55 58
8 14 25 49 58
4 8 14 15 20 25 33 49 55 58
8 25 49 58
9 14 17 19 20 25 30 33 38 40 48 49 55 58
7 10 17 21 25 33 58
7 10 14 17 20 21 25 26 33 46 58
5 8 14 17 25 44 45 47 49 55 58
4 7 8 10 14 25 32 33 38 46 49 53 55 58
5 7 8 10 11 12 13 14 25 29 30 32 37 38 39 40 44 47 49 53 55 58 59
14 25 30 49 55 58
1 14 17 20 23 24 25 30 32 33 40 49 53 58
7 10 11 14 15 25 32 33 46 53 58
4 8 12 14 17 25 31 41 49 53 55 58
8 25 58
4 19 31 58
14 25 40 49 55 58
14 17 32 34 40 43 53
8 14 20 25 33 46 49 58
4 7 10 11 14 25 46 49 53 55 58
4 7 8 10 14 25 33 42 50 53 55 58
58
25 49
10 25 42 50 53 58
14 25 46 49 55 58
8 14 19 25 58
0 2 3 7 10 14 25 31 32 33 38 42 58
8 12 14 17 25 38 49 58
8 14 25 49 55 58
14 20 25 33 46 58
2 6 14 16 17 25 33 36 44 49 58
1 8 11 14 17 25 32 44 49 53 58
3 7 10 14 25 33 42 55 58
3 8 14 17 19 25 33 49 51 55 56 58
2 4 5 7 8 10 14 15 25 28 32 33 35 42 49 51 55 58
4 14 25 31 38 49 58
2 7 10 14 25 33 42 58
5 14 25 44 49 52 53 55 58
38
